0 25 40.811040 -77.868580
1 26 40.811042 -77.868556
2 27 40.811044 -77.868532
3 28 40.811047 -77.868508
4 29 40.811049 -77.868484
5 30 40.811051 -77.868461
6 31 40.811053 -77.868437
7 32 40.811056 -77.868413
8 33 40.811058 -77.868389
9 34 40.811060 -77.868365
10 35 40.811062 -77.868341
11 36 40.811064 -77.868317
12 37 40.811067 -77.868293
13 38 40.811069 -77.868269
14 39 40.811071 -77.868246
15 40 40.811073 -77.868222
16 41 40.811076 -77.868198
17 42 40.811078 -77.868174
18 43 40.811080 -77.868150
19 44 40.811073 -77.868128
20 45 40.811067 -77.868106
21 46 40.811060 -77.868084
22 47 40.811053 -77.868062
23 48 40.811047 -77.868040
24 49 40.811040 -77.868018
25 50 40.811033 -77.867996
26 51 40.811027 -77.867974
27 52 40.811020 -77.867952
28 53 40.811013 -77.867930
29 54 40.811007 -77.867908
30 55 40.811000 -77.867886
31 56 40.810993 -77.867864
32 57 40.810987 -77.867842
33 58 40.810980 -77.867820
34 59 40.810973 -77.867798
35 60 40.810967 -77.867776
36 61 40.810960 -77.867754
37 62 40.810953 -77.867732
38 63 40.810947 -77.867710
39 64 40.810940 -77.867688
40 65 40.810933 -77.867666
41 66 40.810927 -77.867644
42 67 40.810920 -77.867622
43 68 40.810913 -77.867600
44 69 40.810907 -77.867578
45 70 40.810900 -77.867556
46 71 40.810893 -77.867534
47 72 40.810887 -77.867512
48 73 40.810880 -77.867490
49 74 40.810873 -77.867468
50 75 40.810867 -77.867446
51 76 40.810860 -77.867424
52 77 40.810853 -77.867402
53 78 40.810847 -77.867380
54 79 40.810840 -77.867358
55 80 40.810833 -77.867336
56 81 40.810827 -77.867314
57 82 40.810820 -77.867292
58 83 40.810813 -77.867270
59 84 40.810807 -77.867248
60 85 40.810800 -77.867226
61 86 40.810793 -77.867204
62 87 40.810787 -77.867182
63 99 40.810780 -77.867160
64 100 40.810778 -77.867136
65 101 40.810776 -77.867112
66 102 40.810774 -77.867088
67 103 40.810772 -77.867064
68 105 40.810770 -77.867040
69 106 40.810762 -77.867018
70 107 40.810755 -77.866996
71 108 40.810747 -77.866974
72 109 40.810740 -77.866951
73 110 40.810732 -77.866929
74 111 40.810724 -77.866907
75 112 40.810717 -77.866885
76 113 40.810709 -77.866863
77 114 40.810701 -77.866841
78 115 40.810694 -77.866819
79 116 40.810686 -77.866796
80 117 40.810679 -77.866774
81 118 40.810671 -77.866752
82 119 40.810663 -77.866730
83 120 40.810656 -77.866708
84 121 40.810648 -77.866686
85 122 40.810640 -77.866664
86 123 40.810633 -77.866641
87 124 40.810625 -77.866619
88 125 40.810618 -77.866597
89 126 40.810610 -77.866575
90 127 40.810602 -77.866553
91 128 40.810595 -77.866531
92 129 40.810587 -77.866509
93 130 40.810580 -77.866486
94 131 40.810572 -77.866464
95 132 40.810564 -77.866442
96 133 40.810557 -77.866420
97 134 40.810549 -77.866398
98 135 40.810541 -77.866376
99 136 40.810534 -77.866354
100 137 40.810526 -77.866331
101 138 40.810519 -77.866309
102 139 40.810511 -77.866287
103 140 40.810503 -77.866265
104 141 40.810496 -77.866243
105 142 40.810488 -77.866221
106 143 40.810480 -77.866199
107 144 40.810473 -77.866176
108 145 40.810465 -77.866154
109 146 40.810458 -77.866132
110 147 40.810450 -77.866110
111 166 40.810460 -77.866110
112 167 40.810476 -77.866101
113 168 40.810492 -77.866092
114 169 40.810509 -77.866083
115 170 40.810525 -77.866074
116 171 40.810541 -77.866065
117 172 40.810557 -77.866056
118 173 40.810573 -77.866047
119 174 40.810590 -77.866038
120 175 40.810606 -77.866029
121 176 40.810622 -77.866020
122 177 40.810638 -77.866011
123 178 40.810654 -77.866002
124 179 40.810671 -77.865993
125 180 40.810687 -77.865984
126 181 40.810703 -77.865975
127 182 40.810719 -77.865966
128 183 40.810735 -77.865957
129 184 40.810752 -77.865948
130 185 40.810768 -77.865939
131 186 40.810784 -77.865930
132 187 40.810800 -77.865921
133 188 40.810816 -77.865912
134 189 40.810833 -77.865903
135 190 40.810849 -77.865894
136 191 40.810865 -77.865885
137 192 40.810881 -77.865876
138 193 40.810897 -77.865867
139 194 40.810914 -77.865858
140 195 40.810930 -77.865849
141 196 40.810946 -77.865840
142 197 40.810962 -77.865831
143 198 40.810978 -77.865822
144 199 40.810995 -77.865813
145 200 40.811011 -77.865804
146 201 40.811027 -77.865795
147 202 40.811043 -77.865786
148 203 40.811059 -77.865777
149 204 40.811076 -77.865768
150 205 40.811092 -77.865759
151 206 40.811108 -77.865750
152 207 40.811124 -77.865741
153 208 40.811140 -77.865732
154 209 40.811157 -77.865723
155 210 40.811173 -77.865714
156 211 40.811189 -77.865705
157 212 40.811205 -77.865696
158 213 40.811221 -77.865687
159 214 40.811238 -77.865678
160 215 40.811254 -77.865669
161 221 40.811270 -77.865660
162 222 40.811263 -77.865638
163 223 40.811256 -77.865616
164 224 40.811249 -77.865594
165 225 40.811242 -77.865572
166 226 40.811234 -77.865550
167 227 40.811227 -77.865528
168 228 40.811220 -77.865507
169 229 40.811213 -77.865485
170 230 40.811206 -77.865463
171 231 40.811199 -77.865441
172 232 40.811192 -77.865419
173 233 40.811185 -77.865397
174 234 40.811177 -77.865375
175 235 40.811170 -77.865353
176 236 40.811163 -77.865331
177 237 40.811156 -77.865309
178 238 40.811149 -77.865287
179 239 40.811142 -77.865265
180 240 40.811135 -77.865244
181 241 40.811128 -77.865222
182 242 40.811120 -77.865200
183 243 40.811113 -77.865178
184 244 40.811106 -77.865156
185 245 40.811099 -77.865134
186 246 40.811092 -77.865112
187 247 40.811085 -77.865090
188 248 40.811078 -77.865068
189 249 40.811071 -77.865046
190 250 40.811063 -77.865024
191 251 40.811056 -77.865002
192 252 40.811049 -77.864981
193 253 40.811042 -77.864959
194 254 40.811035 -77.864937
195 255 40.811028 -77.864915
196 256 40.811021 -77.864893
197 257 40.811014 -77.864871
198 258 40.811006 -77.864849
199 259 40.810999 -77.864827
200 260 40.810992 -77.864805
201 261 40.810985 -77.864783
202 262 40.810978 -77.864761
203 263 40.810971 -77.864739
204 264 40.810964 -77.864718
205 265 40.810957 -77.864696
206 266 40.810949 -77.864674
207 267 40.810942 -77.864652
208 268 40.810935 -77.864630
209 269 40.810928 -77.864608
210 270 40.810921 -77.864586
211 271 40.810914 -77.864564
212 272 40.810907 -77.864542
213 273 40.810900 -77.864520
214 274 40.810892 -77.864498
215 275 40.810885 -77.864476
216 276 40.810878 -77.864455
217 277 40.810871 -77.864433
218 278 40.810864 -77.864411
219 279 40.810857 -77.864389
220 280 40.810850 -77.864367
221 281 40.810843 -77.864345
222 282 40.810835 -77.864323
223 283 40.810828 -77.864301
224 284 40.810821 -77.864279
225 285 40.810814 -77.864257
226 286 40.810807 -77.864235
227 287 40.810800 -77.864213
228 288 40.810793 -77.864192
229 289 40.810786 -77.864170
230 290 40.810778 -77.864148
231 291 40.810771 -77.864126
232 292 40.810764 -77.864104
233 293 40.810757 -77.864082
234 294 40.810750 -77.864060
235 295 40.810743 -77.864038
236 296 40.810736 -77.864016
237 297 40.810729 -77.863994
238 298 40.810722 -77.863972
239 299 40.810714 -77.863950
240 300 40.810707 -77.863928
241 301 40.810700 -77.863907
242 302 40.810693 -77.863885
243 303 40.810686 -77.863863
244 304 40.810679 -77.863841
245 305 40.810672 -77.863819
246 306 40.810665 -77.863797
247 307 40.810657 -77.863775
248 308 40.810650 -77.863753
249 309 40.810643 -77.863731
250 310 40.810636 -77.863709
251 311 40.810629 -77.863687
252 312 40.810622 -77.863665
253 313 40.810615 -77.863644
254 314 40.810608 -77.863622
255 315 40.810600 -77.863600
256 316 40.810593 -77.863578
257 317 40.810586 -77.863556
258 318 40.810579 -77.863534
259 319 40.810572 -77.863512
260 320 40.810565 -77.863490
261 321 40.810558 -77.863468
262 322 40.810551 -77.863446
263 323 40.810543 -77.863424
264 324 40.810536 -77.863402
265 325 40.810529 -77.863381
266 326 40.810522 -77.863359
267 327 40.810515 -77.863337
268 328 40.810508 -77.863315
269 329 40.810501 -77.863293
270 330 40.810494 -77.863271
271 331 40.810486 -77.863249
272 332 40.810479 -77.863227
273 333 40.810472 -77.863205
274 334 40.810465 -77.863183
275 335 40.810458 -77.863161
276 336 40.810451 -77.863139
277 337 40.810444 -77.863118
278 338 40.810437 -77.863096
279 339 40.810429 -77.863074
280 340 40.810422 -77.863052
281 341 40.810415 -77.863030
282 342 40.810408 -77.863008
283 343 40.810401 -77.862986
284 344 40.810394 -77.862964
285 345 40.810387 -77.862942
286 346 40.810380 -77.862920
287 347 40.810372 -77.862898
288 348 40.810365 -77.862876
289 349 40.810358 -77.862855
290 350 40.810351 -77.862833
291 351 40.810344 -77.862811
292 352 40.810337 -77.862789
293 353 40.810330 -77.862767
294 354 40.810323 -77.862745
295 355 40.810315 -77.862723
296 356 40.810308 -77.862701
297 357 40.810301 -77.862679
298 358 40.810294 -77.862657
299 359 40.810287 -77.862635
300 360 40.810280 -77.862613
301 361 40.810273 -77.862592
302 362 40.810266 -77.862570
303 363 40.810258 -77.862548
304 364 40.810251 -77.862526
305 365 40.810244 -77.862504
306 366 40.810237 -77.862482
307 368 40.810230 -77.862460
308 369 40.810218 -77.862438
309 370 40.810206 -77.862416
310 371 40.810194 -77.862394
311 372 40.810182 -77.862372
312 374 40.810170 -77.862350
313 375 40.810150 -77.862357
314 376 40.810130 -77.862363
315 378 40.810110 -77.862370
316 379 40.810100 -77.862350
317 380 40.810091 -77.862329
318 381 40.810081 -77.862309
319 382 40.810072 -77.862288
320 383 40.810062 -77.862268
321 384 40.810053 -77.862247
322 385 40.810043 -77.862227
323 386 40.810034 -77.862206
324 387 40.810024 -77.862186
325 388 40.810015 -77.862165
326 389 40.810005 -77.862145
327 390 40.809995 -77.862125
328 391 40.809986 -77.862104
329 392 40.809976 -77.862084
330 393 40.809967 -77.862063
331 394 40.809957 -77.862043
332 395 40.809948 -77.862022
333 396 40.809938 -77.862002
334 397 40.809929 -77.861981
335 398 40.809919 -77.861961
336 399 40.809910 -77.861940
337 404 40.809900 -77.861920
338 405 40.809910 -77.861900
339 406 40.809920 -77.861881
340 407 40.809930 -77.861861
341 408 40.809940 -77.861842
342 409 40.809950 -77.861822
343 410 40.809960 -77.861803
344 411 40.809970 -77.861783
345 412 40.809980 -77.861764
346 413 40.809990 -77.861744
347 414 40.810000 -77.861725
348 415 40.810010 -77.861705
349 416 40.810020 -77.861685
350 417 40.810030 -77.861666
351 418 40.810040 -77.861646
352 419 40.810050 -77.861627
353 420 40.810060 -77.861607
354 421 40.810070 -77.861588
355 422 40.810080 -77.861568
356 423 40.810090 -77.861549
357 424 40.810100 -77.861529
358 425 40.810110 -77.861510
359 428 40.810120 -77.861490
360 429 40.810109 -77.861466
361 430 40.810099 -77.861442
362 431 40.810088 -77.861418
363 432 40.810077 -77.861393
364 433 40.810067 -77.861369
365 434 40.810056 -77.861345
366 435 40.810045 -77.861321
367 436 40.810035 -77.861297
368 437 40.810024 -77.861273
369 438 40.810014 -77.861249
370 439 40.810003 -77.861224
371 440 40.809992 -77.861200
372 441 40.809982 -77.861176
373 442 40.809971 -77.861152
374 443 40.809960 -77.861128
375 444 40.809950 -77.861104
376 445 40.809939 -77.861079
377 446 40.809929 -77.861059
378 447 40.809920 -77.861038
379 448 40.809910 -77.861018
380 449 40.809901 -77.860998
381 450 40.809892 -77.860977
382 451 40.809883 -77.860957
383 452 40.809873 -77.860936
384 453 40.809864 -77.860916
385 454 40.809855 -77.860896
386 455 40.809846 -77.860875
387 456 40.809836 -77.860855
388 457 40.809827 -77.860835
389 458 40.809818 -77.860815
390 459 40.809808 -77.860794
391 460 40.809799 -77.860774
392 461 40.809789 -77.860754
393 462 40.809780 -77.860733
394 463 40.809771 -77.860713
395 464 40.809761 -77.860693
396 465 40.809752 -77.860673
397 466 40.809743 -77.860652
398 467 40.809733 -77.860632
399 468 40.809724 -77.860612
400 469 40.809714 -77.860591
401 470 40.809705 -77.860571
402 471 40.809696 -77.860551
403 472 40.809687 -77.860530
404 473 40.809677 -77.860510
405 474 40.809668 -77.860490
406 475 40.809659 -77.860469
407 476 40.809649 -77.860449
408 477 40.809640 -77.860429
409 478 40.809631 -77.860408
410 479 40.809622 -77.860388
411 480 40.809613 -77.860367
412 481 40.809604 -77.860347
413 482 40.809595 -77.860326
414 483 40.809585 -77.860306
415 484 40.809576 -77.860285
416 485 40.809567 -77.860265
417 486 40.809558 -77.860245
418 487 40.809549 -77.860224
419 488 40.809539 -77.860204
420 489 40.809530 -77.860183
421 490 40.809521 -77.860163
422 491 40.809512 -77.860142
423 492 40.809503 -77.860122
424 493 40.809494 -77.860101
425 494 40.809484 -77.860081
426 495 40.809475 -77.860060
427 496 40.809466 -77.860040
428 497 40.809457 -77.860019
429 498 40.809448 -77.859999
430 499 40.809439 -77.859978
431 500 40.809430 -77.859958
432 501 40.809421 -77.859937
433 502 40.809412 -77.859916
434 503 40.809403 -77.859896
435 504 40.809395 -77.859875
436 505 40.809386 -77.859854
437 506 40.809377 -77.859833
438 507 40.809368 -77.859813
439 512 40.809360 -77.859792
440 513 40.809351 -77.859771
441 514 40.809342 -77.859750
442 515 40.809334 -77.859729
443 516 40.809326 -77.859708
444 517 40.809317 -77.859687
445 518 40.809309 -77.859666
446 519 40.809301 -77.859645
447 520 40.809293 -77.859624
448 521 40.809285 -77.859603
449 522 40.809277 -77.859582
450 523 40.809269 -77.859560
451 524 40.809261 -77.859539
452 525 40.809253 -77.859517
453 526 40.809245 -77.859496
454 527 40.809238 -77.859475
455 528 40.809230 -77.859453
456 529 40.809222 -77.859432
457 530 40.809215 -77.859410
458 531 40.809207 -77.859389
459 532 40.809199 -77.859367
460 533 40.809192 -77.859346
461 534 40.809184 -77.859324
462 535 40.809176 -77.859303
463 536 40.809168 -77.859281
464 537 40.809160 -77.859260
465 538 40.809152 -77.859239
466 539 40.809144 -77.859217
467 540 40.809136 -77.859196
468 541 40.809128 -77.859175
469 542 40.809120 -77.859154
470 543 40.809112 -77.859133
471 544 40.809104 -77.859112
472 545 40.809095 -77.859090
473 546 40.809087 -77.859069
474 547 40.809078 -77.859048
475 548 40.809070 -77.859027
476 549 40.809062 -77.859006
477 550 40.809053 -77.858985
478 551 40.809045 -77.858964
479 552 40.809037 -77.858943
480 553 40.809028 -77.858922
481 554 40.809020 -77.858901
482 555 40.809012 -77.858880
483 556 40.809003 -77.858859
484 557 40.808995 -77.858838
485 558 40.808987 -77.858817
486 559 40.808979 -77.858796
487 560 40.808971 -77.858774
488 561 40.808963 -77.858753
489 562 40.808954 -77.858732
490 563 40.808946 -77.858711
491 564 40.808938 -77.858690
492 565 40.808930 -77.858668
493 566 40.808922 -77.858647
494 567 40.808914 -77.858626
495 568 40.808906 -77.858605
496 569 40.808898 -77.858583
497 570 40.808890 -77.858562
498 571 40.808882 -77.858541
499 572 40.808874 -77.858520
500 573 40.808866 -77.858498
501 574 40.808858 -77.858477
502 575 40.808850 -77.858456
503 576 40.808842 -77.858434
504 577 40.808834 -77.858413
505 578 40.808826 -77.858392
506 579 40.808818 -77.858371
507 580 40.808810 -77.858349
508 581 40.808802 -77.858328
509 582 40.808794 -77.858307
510 583 40.808786 -77.858286
511 584 40.808778 -77.858264
512 585 40.808770 -77.858243
513 586 40.808762 -77.858222
514 587 40.808753 -77.858201
515 588 40.808745 -77.858180
516 589 40.808737 -77.858158
517 590 40.808729 -77.858137
518 591 40.808721 -77.858116
519 592 40.808712 -77.858095
520 593 40.808704 -77.858074
521 594 40.808695 -77.858053
522 595 40.808687 -77.858032
523 596 40.808679 -77.858011
524 597 40.808670 -77.857990
525 598 40.808662 -77.857969
526 599 40.808654 -77.857948
527 600 40.808646 -77.857927
528 601 40.808638 -77.857905
529 602 40.808630 -77.857884
530 603 40.808622 -77.857863
531 604 40.808614 -77.857841
532 605 40.808607 -77.857820
533 606 40.808599 -77.857798
534 607 40.808592 -77.857776
535 608 40.808585 -77.857754
536 609 40.808579 -77.857732
537 610 40.808572 -77.857710
538 611 40.808565 -77.857688
539 612 40.808558 -77.857666
540 613 40.808550 -77.857645
541 614 40.808542 -77.857624
542 615 40.808534 -77.857603
543 621 40.808526 -77.857582
544 622 40.808518 -77.857561
545 623 40.808509 -77.857540
546 624 40.808500 -77.857520
547 625 40.808492 -77.857499
548 626 40.808483 -77.857479
549 627 40.808474 -77.857458
550 628 40.808465 -77.857438
551 629 40.808455 -77.857418
552 630 40.808446 -77.857397
553 631 40.808437 -77.857377
554 632 40.808427 -77.857357
555 633 40.808417 -77.857337
556 634 40.808408 -77.857317
557 635 40.808398 -77.857297
558 636 40.808388 -77.857277
559 637 40.808378 -77.857257
560 638 40.808368 -77.857237
561 639 40.808358 -77.857217
562 640 40.808348 -77.857198
563 641 40.808338 -77.857178
564 642 40.808327 -77.857158
565 643 40.808317 -77.857139
566 644 40.808307 -77.857119
567 645 40.808296 -77.857099
568 646 40.808286 -77.857080
569 647 40.808275 -77.857060
570 648 40.808265 -77.857041
571 649 40.808254 -77.857021
572 650 40.808244 -77.857002
573 651 40.808233 -77.856983
574 652 40.808223 -77.856963
575 653 40.808212 -77.856944
576 654 40.808201 -77.856925
577 655 40.808191 -77.856905
578 656 40.808180 -77.856886
579 657 40.808170 -77.856867
580 658 40.808159 -77.856847
581 659 40.808148 -77.856828
582 660 40.808138 -77.856809
583 661 40.808127 -77.856789
584 662 40.808117 -77.856770
585 663 40.808106 -77.856751
586 664 40.808096 -77.856732
587 665 40.808085 -77.856713
588 666 40.808074 -77.856694
589 667 40.808063 -77.856675
590 668 40.808052 -77.856656
591 669 40.808041 -77.856637
592 670 40.808030 -77.856618
593 671 40.808019 -77.856600
594 672 40.808008 -77.856581
595 673 40.808008 -77.856581
596 675 40.808010 -77.856580
597 676 40.807995 -77.856593
598 677 40.807980 -77.856606
599 678 40.807966 -77.856620
600 679 40.807951 -77.856633
601 680 40.807936 -77.856646
602 681 40.807921 -77.856659
603 682 40.807906 -77.856672
604 683 40.807892 -77.856685
605 684 40.807877 -77.856699
606 685 40.807862 -77.856712
607 686 40.807847 -77.856725
608 687 40.807832 -77.856738
609 688 40.807817 -77.856751
610 689 40.807803 -77.856765
611 690 40.807788 -77.856778
612 691 40.807773 -77.856791
613 692 40.807758 -77.856804
614 693 40.807743 -77.856817
615 694 40.807729 -77.856831
616 695 40.807714 -77.856844
617 696 40.807699 -77.856857
618 699 40.807684 -77.856870
619 700 40.807669 -77.856883
620 701 40.807655 -77.856896
621 702 40.807640 -77.856910
622 703 40.807625 -77.856923
623 704 40.807610 -77.856936
624 705 40.807595 -77.856949
625 706 40.807580 -77.856962
626 707 40.807566 -77.856976
627 708 40.807551 -77.856989
628 709 40.807536 -77.857002
629 710 40.807521 -77.857015
630 711 40.807506 -77.857028
631 712 40.807492 -77.857042
632 713 40.807477 -77.857055
633 714 40.807462 -77.857068
634 715 40.807447 -77.857081
635 716 40.807432 -77.857094
636 717 40.807417 -77.857107
637 718 40.807403 -77.857121
638 719 40.807388 -77.857134
639 720 40.807373 -77.857147
640 721 40.807358 -77.857160
641 722 40.807343 -77.857173
642 723 40.807329 -77.857187
643 724 40.807314 -77.857200
644 725 40.807299 -77.857213
645 726 40.807284 -77.857226
646 727 40.807269 -77.857239
647 728 40.807255 -77.857253
648 729 40.807240 -77.857266
649 730 40.807225 -77.857279
650 731 40.807210 -77.857292
651 732 40.807195 -77.857305
652 733 40.807181 -77.857318
653 734 40.807166 -77.857332
654 735 40.807151 -77.857345
655 736 40.807136 -77.857358
656 737 40.807121 -77.857371
657 738 40.807106 -77.857384
658 739 40.807092 -77.857398
659 740 40.807077 -77.857411
660 741 40.807062 -77.857424
661 742 40.807047 -77.857437
662 743 40.807032 -77.857450
663 744 40.807018 -77.857464
664 745 40.807003 -77.857477
665 746 40.806988 -77.857490
666 747 40.806973 -77.857503
667 748 40.806958 -77.857516
668 749 40.806944 -77.857529
669 750 40.806929 -77.857543
670 751 40.806914 -77.857556
671 752 40.806899 -77.857569
672 753 40.806884 -77.857582
673 754 40.806869 -77.857595
674 755 40.806855 -77.857609
675 756 40.806840 -77.857622
676 757 40.806825 -77.857635
677 758 40.806810 -77.857648
678 759 40.806795 -77.857661
679 760 40.806781 -77.857675
680 761 40.806766 -77.857688
681 762 40.806751 -77.857701
682 763 40.806736 -77.857714
683 764 40.806721 -77.857727
684 765 40.806706 -77.857740
685 766 40.806692 -77.857754
686 767 40.806677 -77.857767
687 768 40.806662 -77.857780
688 769 40.806647 -77.857793
689 770 40.806632 -77.857806
690 771 40.806618 -77.857820
691 772 40.806603 -77.857833
692 773 40.806588 -77.857846
693 774 40.806573 -77.857859
694 775 40.806558 -77.857872
695 776 40.806544 -77.857886
696 777 40.806529 -77.857899
697 778 40.806514 -77.857912
698 779 40.806499 -77.857925
699 780 40.806484 -77.857938
700 781 40.806469 -77.857951
701 782 40.806455 -77.857965
702 783 40.806440 -77.857978
703 784 40.806425 -77.857991
704 785 40.806410 -77.858004
705 786 40.806395 -77.858017
706 787 40.806381 -77.858031
707 788 40.806366 -77.858044
708 789 40.806351 -77.858057
709 790 40.806336 -77.858070
710 791 40.806321 -77.858083
711 792 40.806307 -77.858097
712 793 40.806292 -77.858110
713 794 40.806277 -77.858123
714 795 40.806262 -77.858136
715 796 40.806247 -77.858149
716 797 40.806233 -77.858162
717 798 40.806218 -77.858176
718 799 40.806203 -77.858189
719 800 40.806188 -77.858202
720 801 40.806173 -77.858215
721 802 40.806158 -77.858228
722 803 40.806144 -77.858242
723 804 40.806129 -77.858255
724 805 40.806114 -77.858268
725 806 40.806099 -77.858281
726 807 40.806084 -77.858294
727 808 40.806070 -77.858308
728 809 40.806055 -77.858321
729 810 40.806040 -77.858334
730 811 40.806025 -77.858347
731 812 40.806010 -77.858360
732 813 40.805995 -77.858373
733 814 40.805981 -77.858387
734 815 40.805966 -77.858400
735 816 40.805951 -77.858413
736 817 40.805936 -77.858426
737 818 40.805921 -77.858439
738 819 40.805907 -77.858453
739 820 40.805892 -77.858466
740 821 40.805877 -77.858479
741 822 40.805862 -77.858492
742 823 40.805847 -77.858505
743 824 40.805833 -77.858519
744 825 40.805818 -77.858532
745 826 40.805803 -77.858545
746 827 40.805788 -77.858558
747 828 40.805773 -77.858571
748 829 40.805758 -77.858584
749 830 40.805744 -77.858598
750 831 40.805729 -77.858611
751 832 40.805714 -77.858624
752 833 40.805699 -77.858637
753 834 40.805684 -77.858650
754 835 40.805670 -77.858664
755 836 40.805655 -77.858677
756 837 40.805640 -77.858690
757 838 40.805632 -77.858712
758 839 40.805621 -77.858730
759 840 40.805610 -77.858748
760 841 40.805599 -77.858767
761 842 40.805589 -77.858785
762 843 40.805578 -77.858804
763 844 40.805568 -77.858824
764 845 40.805558 -77.858843
765 846 40.805548 -77.858863
766 847 40.805538 -77.858883
767 848 40.805529 -77.858904
768 849 40.805519 -77.858924
769 850 40.805510 -77.858945
770 851 40.805500 -77.858966
771 852 40.805491 -77.858987
772 853 40.805482 -77.859008
773 854 40.805472 -77.859029
774 855 40.805463 -77.859050
775 856 40.805454 -77.859071
776 857 40.805445 -77.859093
777 858 40.805436 -77.859114
778 859 40.805426 -77.859135
779 860 40.805417 -77.859156
780 861 40.805408 -77.859177
781 862 40.805399 -77.859198
782 863 40.805389 -77.859219
783 864 40.805380 -77.859239
784 865 40.805370 -77.859260
785 866 40.805360 -77.859280
786 869 40.805349 -77.859299
787 870 40.805338 -77.859319
788 871 40.805330 -77.859340
789 872 40.805325 -77.859362
790 873 40.805322 -77.859384
791 874 40.805318 -77.859407
792 875 40.805315 -77.859431
793 876 40.805312 -77.859455
794 877 40.805310 -77.859479
795 878 40.805308 -77.859504
796 879 40.805306 -77.859528
797 880 40.805304 -77.859552
798 881 40.805303 -77.859576
799 882 40.805302 -77.859599
800 883 40.805304 -77.859623
801 884 40.805310 -77.859648
802 885 40.805319 -77.859670
803 886 40.805328 -77.859687
804 887 40.805339 -77.859701
805 888 40.805352 -77.859714
806 889 40.805367 -77.859727
807 890 40.805383 -77.859739
808 891 40.805401 -77.859751
809 892 40.805420 -77.859761
810 893 40.805439 -77.859769
811 894 40.805458 -77.859776
812 895 40.805477 -77.859780
813 896 40.805495 -77.859782
814 897 40.805512 -77.859782
815 898 40.805530 -77.859780
816 899 40.805549 -77.859776
817 900 40.805568 -77.859771
818 901 40.805587 -77.859766
819 902 40.805606 -77.859759
820 903 40.805625 -77.859753
821 904 40.805643 -77.859747
822 905 40.805661 -77.859742
823 906 40.805678 -77.859739
824 907 40.805694 -77.859736
825 908 40.805708 -77.859736
826 909 40.805722 -77.859741
827 910 40.805736 -77.859753
828 911 40.805749 -77.859770
829 912 40.805761 -77.859790
830 913 40.805773 -77.859813
831 914 40.805784 -77.859837
832 915 40.805794 -77.859860
833 916 40.805803 -77.859883
834 917 40.805812 -77.859903
835 918 40.805820 -77.859923
836 919 40.805827 -77.859944
837 920 40.805834 -77.859966
838 921 40.805841 -77.859988
839 922 40.805848 -77.860011
840 923 40.805853 -77.860034
841 924 40.805858 -77.860057
842 925 40.805863 -77.860081
843 937 40.805867 -77.860106
844 938 40.805852 -77.860119
845 939 40.805837 -77.860132
846 940 40.805822 -77.860145
847 941 40.805807 -77.860159
848 942 40.805792 -77.860172
849 943 40.805777 -77.860186
850 944 40.805762 -77.860199
851 945 40.805747 -77.860212
852 946 40.805732 -77.860226
853 947 40.805717 -77.860239
854 948 40.805702 -77.860253
855 949 40.805687 -77.860266
856 950 40.805672 -77.860280
857 951 40.805657 -77.860294
858 952 40.805643 -77.860307
859 953 40.805628 -77.860321
860 954 40.805613 -77.860335
861 955 40.805598 -77.860348
862 956 40.805584 -77.860362
863 957 40.805569 -77.860376
864 958 40.805554 -77.860390
865 959 40.805539 -77.860404
866 960 40.805525 -77.860418
867 961 40.805510 -77.860432
868 962 40.805495 -77.860446
869 963 40.805481 -77.860460
870 964 40.805466 -77.860474
871 965 40.805452 -77.860488
872 966 40.805437 -77.860502
873 967 40.805423 -77.860517
874 968 40.805408 -77.860531
875 969 40.805394 -77.860545
876 970 40.805380 -77.860560
877 971 40.805365 -77.860574
878 972 40.805351 -77.860589
879 973 40.805337 -77.860603
880 974 40.805322 -77.860618
881 975 40.805308 -77.860633
882 976 40.805294 -77.860647
883 977 40.805279 -77.860662
884 978 40.805265 -77.860677
885 979 40.805251 -77.860691
886 980 40.805237 -77.860706
887 981 40.805222 -77.860721
888 982 40.805208 -77.860735
889 983 40.805194 -77.860750
890 984 40.805179 -77.860765
891 985 40.805165 -77.860779
892 986 40.805151 -77.860794
893 987 40.805137 -77.860808
894 988 40.805122 -77.860823
895 989 40.805108 -77.860837
896 990 40.805093 -77.860852
897 991 40.805079 -77.860866
898 992 40.805065 -77.860881
899 993 40.805050 -77.860895
900 994 40.805036 -77.860909
901 995 40.805021 -77.860923
902 996 40.805007 -77.860937
903 997 40.804992 -77.860951
904 998 40.804977 -77.860965
905 999 40.804963 -77.860979
906 1000 40.804948 -77.860993
907 1001 40.804933 -77.861007
908 1002 40.804918 -77.861020
909 1003 40.804903 -77.861033
910 1004 40.804887 -77.861046
911 1005 40.804872 -77.861059
912 1006 40.804856 -77.861072
913 1007 40.804841 -77.861084
914 1008 40.804825 -77.861097
915 1009 40.804810 -77.861110
916 1010 40.804794 -77.861123
917 1011 40.804779 -77.861135
918 1012 40.804763 -77.861148
919 1013 40.804748 -77.861161
920 1014 40.804733 -77.861175
921 1015 40.804718 -77.861188
922 1016 40.804704 -77.861202
923 1017 40.804689 -77.861216
924 1018 40.804675 -77.861230
925 1019 40.804661 -77.861245
926 1020 40.804648 -77.861260
927 1021 40.804635 -77.861275
928 1022 40.804622 -77.861291
929 1023 40.804609 -77.861307
930 1024 40.804597 -77.861324
931 1025 40.804585 -77.861341
932 1026 40.804573 -77.861359
933 1027 40.804561 -77.861377
934 1028 40.804549 -77.861395
935 1029 40.804537 -77.861413
936 1030 40.804526 -77.861431
937 1031 40.804515 -77.861450
938 1032 40.804503 -77.861469
939 1033 40.804492 -77.861488
940 1034 40.804481 -77.861507
941 1035 40.804469 -77.861526
942 1036 40.804458 -77.861545
943 1037 40.804447 -77.861564
944 1038 40.804436 -77.861583
945 1039 40.804424 -77.861602
946 1040 40.804413 -77.861621
947 1041 40.804401 -77.861639
948 1042 40.804390 -77.861658
949 1043 40.804378 -77.861676
950 1044 40.804366 -77.861694
951 1045 40.804354 -77.861712
952 1046 40.804341 -77.861729
953 1047 40.804329 -77.861747
954 1048 40.804316 -77.861769
955 1049 40.804303 -77.861787
956 1059 40.804289 -77.861791
957 1060 40.804273 -77.861788
958 1061 40.804256 -77.861781
959 1062 40.804238 -77.861772
960 1063 40.804220 -77.861762
961 1064 40.804203 -77.861752
962 1065 40.804186 -77.861742
963 1066 40.804171 -77.861728
964 1067 40.804155 -77.861711
965 1068 40.804141 -77.861694
966 1069 40.804126 -77.861677
967 1070 40.804111 -77.861662
968 1071 40.804097 -77.861653
969 1073 40.804090 -77.861650
970 1074 40.804075 -77.861664
971 1075 40.804061 -77.861678
972 1076 40.804046 -77.861692
973 1077 40.804032 -77.861706
974 1078 40.804017 -77.861720
975 1079 40.804002 -77.861733
976 1080 40.803988 -77.861747
977 1081 40.803973 -77.861761
978 1082 40.803959 -77.861775
979 1083 40.803944 -77.861789
980 1084 40.803930 -77.861803
981 1085 40.803915 -77.861817
982 1086 40.803900 -77.861831
983 1087 40.803886 -77.861845
984 1088 40.803871 -77.861859
985 1089 40.803857 -77.861872
986 1090 40.803842 -77.861886
987 1091 40.803827 -77.861900
988 1092 40.803813 -77.861914
989 1093 40.803798 -77.861928
990 1094 40.803784 -77.861942
991 1095 40.803769 -77.861956
992 1096 40.803754 -77.861970
993 1097 40.803740 -77.861984
994 1098 40.803725 -77.861998
995 1099 40.803711 -77.862012
996 1100 40.803696 -77.862025
997 1101 40.803682 -77.862039
998 1102 40.803667 -77.862053
999 1103 40.803652 -77.862067
1000 1104 40.803638 -77.862081
1001 1105 40.803623 -77.862095
1002 1106 40.803609 -77.862109
1003 1107 40.803594 -77.862123
1004 1108 40.803579 -77.862137
1005 1109 40.803565 -77.862151
1006 1110 40.803550 -77.862164
1007 1111 40.803536 -77.862178
1008 1112 40.803521 -77.862192
1009 1113 40.803506 -77.862206
1010 1114 40.803492 -77.862220
1011 1115 40.803477 -77.862234
1012 1116 40.803463 -77.862248
1013 1117 40.803448 -77.862262
1014 1118 40.803433 -77.862276
1015 1119 40.803419 -77.862290
1016 1120 40.803404 -77.862303
1017 1121 40.803390 -77.862317
1018 1122 40.803375 -77.862331
1019 1123 40.803361 -77.862345
1020 1124 40.803346 -77.862359
1021 1125 40.803331 -77.862373
1022 1126 40.803317 -77.862387
1023 1127 40.803302 -77.862401
1024 1128 40.803288 -77.862415
1025 1129 40.803273 -77.862429
1026 1130 40.803258 -77.862443
1027 1131 40.803244 -77.862456
1028 1132 40.803229 -77.862470
1029 1133 40.803215 -77.862484
1030 1134 40.803200 -77.862498
1031 1135 40.803185 -77.862512
1032 1136 40.803171 -77.862526
1033 1137 40.803156 -77.862540
1034 1138 40.803142 -77.862554
1035 1139 40.803127 -77.862568
1036 1140 40.803113 -77.862582
1037 1141 40.803098 -77.862595
1038 1142 40.803083 -77.862609
1039 1143 40.803069 -77.862623
1040 1144 40.803054 -77.862637
1041 1145 40.803040 -77.862651
1042 1146 40.803025 -77.862665
1043 1147 40.803010 -77.862679
1044 1148 40.802996 -77.862693
1045 1149 40.802981 -77.862707
1046 1150 40.802967 -77.862721
1047 1151 40.802952 -77.862735
1048 1152 40.802937 -77.862748
1049 1153 40.802923 -77.862762
1050 1154 40.802908 -77.862776
1051 1155 40.802894 -77.862790
1052 1156 40.802879 -77.862804
1053 1157 40.802865 -77.862818
1054 1158 40.802850 -77.862832
1055 1159 40.802835 -77.862846
1056 1160 40.802821 -77.862860
1057 1161 40.802806 -77.862874
1058 1162 40.802792 -77.862887
1059 1163 40.802777 -77.862901
1060 1164 40.802762 -77.862915
1061 1165 40.802748 -77.862929
1062 1166 40.802733 -77.862943
1063 1167 40.802719 -77.862957
1064 1168 40.802704 -77.862971
1065 1169 40.802689 -77.862985
1066 1170 40.802675 -77.862999
1067 1171 40.802660 -77.863013
1068 1172 40.802646 -77.863027
1069 1173 40.802631 -77.863040
1070 1174 40.802617 -77.863054
1071 1175 40.802602 -77.863068
1072 1176 40.802587 -77.863082
1073 1177 40.802573 -77.863096
1074 1178 40.802558 -77.863110
1075 1179 40.802544 -77.863124
1076 1180 40.802529 -77.863138
1077 1181 40.802514 -77.863152
1078 1182 40.802500 -77.863166
1079 1183 40.802485 -77.863179
1080 1184 40.802471 -77.863193
1081 1185 40.802456 -77.863207
1082 1186 40.802441 -77.863221
1083 1187 40.802427 -77.863235
1084 1188 40.802412 -77.863249
1085 1189 40.802398 -77.863263
1086 1190 40.802383 -77.863277
1087 1191 40.802368 -77.863291
1088 1192 40.802354 -77.863305
1089 1193 40.802339 -77.863318
1090 1194 40.802325 -77.863332
1091 1195 40.802310 -77.863346
1092 1196 40.802296 -77.863360
1093 1197 40.802281 -77.863374
1094 1198 40.802266 -77.863388
1095 1199 40.802252 -77.863402
1096 1200 40.802237 -77.863416
1097 1201 40.802223 -77.863430
1098 1202 40.802208 -77.863444
1099 1203 40.802193 -77.863458
1100 1204 40.802179 -77.863471
1101 1205 40.802164 -77.863485
1102 1206 40.802150 -77.863499
1103 1207 40.802135 -77.863513
1104 1208 40.802120 -77.863527
1105 1209 40.802106 -77.863541
1106 1210 40.802091 -77.863555
1107 1211 40.802077 -77.863569
1108 1212 40.802062 -77.863583
1109 1213 40.802048 -77.863597
1110 1214 40.802033 -77.863610
1111 1215 40.802018 -77.863624
1112 1216 40.802004 -77.863638
1113 1217 40.801989 -77.863652
1114 1218 40.801975 -77.863666
1115 1219 40.801960 -77.863680
1116 1224 40.801976 -77.863709
1117 1225 40.801992 -77.863729
1118 1226 40.802008 -77.863744
1119 1227 40.802025 -77.863756
1120 1228 40.802041 -77.863765
1121 1229 40.802057 -77.863771
1122 1230 40.802073 -77.863775
1123 1231 40.802089 -77.863777
1124 1232 40.802105 -77.863777
1125 1233 40.802122 -77.863765
1126 1234 40.802139 -77.863749
1127 1240 40.802149 -77.863746
1128 1241 40.802157 -77.863754
1129 1242 40.802163 -77.863770
1130 1243 40.802168 -77.863793
1131 1244 40.802172 -77.863819
1132 1245 40.802176 -77.863848
1133 1246 40.802179 -77.863879
1134 1247 40.802184 -77.863908
1135 1248 40.802189 -77.863935
1136 1249 40.802195 -77.863958
1137 1250 40.802203 -77.863979
1138 1251 40.802211 -77.863999
1139 1252 40.802220 -77.864020
1140 1253 40.802230 -77.864040
1141 1254 40.802241 -77.864059
1142 1255 40.802251 -77.864079
1143 1256 40.802263 -77.864098
1144 1257 40.802274 -77.864117
1145 1258 40.802286 -77.864136
1146 1259 40.802298 -77.864154
1147 1260 40.802310 -77.864171
1148 1261 40.802322 -77.864189
1149 1262 40.802336 -77.864206
1150 1263 40.802352 -77.864224
1151 1264 40.802369 -77.864241
1152 1265 40.802387 -77.864259
1153 1266 40.802405 -77.864276
1154 1267 40.802424 -77.864293
1155 1268 40.802441 -77.864310
1156 1269 40.802458 -77.864326
1157 1270 40.802474 -77.864341
1158 1271 40.802487 -77.864356
1159 1272 40.802498 -77.864370
1160 1273 40.802507 -77.864383
1161 1274 40.802513 -77.864395
1162 1278 40.802515 -77.864406
1163 1279 40.802512 -77.864415
1164 1280 40.802506 -77.864424
1165 1281 40.802496 -77.864432
1166 1282 40.802483 -77.864439
1167 1283 40.802467 -77.864446
1168 1284 40.802449 -77.864452
1169 1285 40.802429 -77.864458
1170 1286 40.802407 -77.864464
1171 1287 40.802385 -77.864469
1172 1288 40.802362 -77.864475
1173 1289 40.802339 -77.864481
1174 1290 40.802317 -77.864487
1175 1291 40.802295 -77.864494
1176 1292 40.802275 -77.864501
1177 1293 40.802257 -77.864509
1178 1294 40.802241 -77.864518
1179 1295 40.802225 -77.864528
1180 1296 40.802209 -77.864539
1181 1297 40.802194 -77.864551
1182 1298 40.802178 -77.864564
1183 1299 40.802162 -77.864577
1184 1300 40.802147 -77.864592
1185 1301 40.802132 -77.864607
1186 1302 40.802116 -77.864623
1187 1303 40.802101 -77.864639
1188 1304 40.802086 -77.864656
1189 1305 40.802071 -77.864673
1190 1306 40.802055 -77.864691
1191 1307 40.802040 -77.864710
1192 1308 40.802025 -77.864729
1193 1309 40.802010 -77.864748
1194 1310 40.801996 -77.864767
1195 1311 40.801981 -77.864787
1196 1312 40.801966 -77.864807
1197 1313 40.801951 -77.864827
1198 1314 40.801937 -77.864847
1199 1315 40.801922 -77.864867
1200 1316 40.801908 -77.864887
1201 1317 40.801893 -77.864907
1202 1318 40.801879 -77.864928
1203 1319 40.801865 -77.864947
1204 1320 40.801850 -77.864967
1205 1321 40.801836 -77.864987
1206 1322 40.801822 -77.865006
1207 1323 40.801808 -77.865025
1208 1324 40.801794 -77.865043
1209 1325 40.801780 -77.865061
1210 1326 40.801767 -77.865079
1211 1327 40.801753 -77.865096
1212 1328 40.801739 -77.865112
1213 1329 40.801726 -77.865128
1214 1330 40.801712 -77.865143
1215 1331 40.801699 -77.865157
1216 1332 40.801685 -77.865171
1217 1333 40.801672 -77.865184
1218 1334 40.801659 -77.865196
1219 1335 40.801646 -77.865207
1220 1336 40.801632 -77.865217
1221 1337 40.801619 -77.865226
1222 1338 40.801607 -77.865234
1223 1339 40.801594 -77.865241
1224 1340 40.801581 -77.865246
1225 1341 40.801568 -77.865251
1226 1342 40.801556 -77.865254
1227 1343 40.801543 -77.865256
1228 1344 40.801531 -77.865257
1229 1350 40.801518 -77.865252
1230 1351 40.801508 -77.865233
1231 1352 40.801497 -77.865214
1232 1353 40.801486 -77.865195
1233 1354 40.801475 -77.865175
1234 1355 40.801464 -77.865156
1235 1356 40.801453 -77.865137
1236 1357 40.801442 -77.865118
1237 1358 40.801432 -77.865099
1238 1359 40.801421 -77.865079
1239 1360 40.801410 -77.865060
1240 1361 40.801399 -77.865041
1241 1362 40.801388 -77.865022
1242 1363 40.801377 -77.865003
1243 1364 40.801366 -77.864983
1244 1365 40.801355 -77.864964
1245 1366 40.801345 -77.864945
1246 1367 40.801334 -77.864926
1247 1368 40.801323 -77.864907
1248 1369 40.801312 -77.864887
1249 1370 40.801301 -77.864868
1250 1371 40.801290 -77.864849
1251 1372 40.801279 -77.864830
1252 1373 40.801269 -77.864811
1253 1374 40.801258 -77.864791
1254 1375 40.801247 -77.864772
1255 1376 40.801236 -77.864753
1256 1377 40.801225 -77.864734
1257 1380 40.801214 -77.864715
1258 1381 40.801203 -77.864695
1259 1382 40.801192 -77.864676
1260 1383 40.801182 -77.864657
1261 1384 40.801171 -77.864638
1262 1385 40.801160 -77.864619
1263 1386 40.801149 -77.864599
1264 1387 40.801138 -77.864580
1265 1388 40.801127 -77.864561
1266 1389 40.801116 -77.864542
1267 1390 40.801106 -77.864523
1268 1391 40.801095 -77.864503
1269 1392 40.801084 -77.864484
1270 1393 40.801073 -77.864465
1271 1394 40.801062 -77.864446
1272 1395 40.801051 -77.864427
1273 1396 40.801040 -77.864407
1274 1397 40.801030 -77.864388
1275 1398 40.801019 -77.864369
1276 1399 40.801008 -77.864350
1277 1400 40.800997 -77.864331
1278 1401 40.800986 -77.864311
1279 1402 40.800975 -77.864292
1280 1403 40.800964 -77.864273
1281 1404 40.800953 -77.864254
1282 1405 40.800943 -77.864235
1283 1406 40.800932 -77.864215
1284 1407 40.800921 -77.864196
1285 1408 40.800910 -77.864177
1286 1409 40.800899 -77.864158
1287 1410 40.800888 -77.864139
1288 1411 40.800877 -77.864119
1289 1412 40.800867 -77.864100
1290 1413 40.800856 -77.864081
1291 1414 40.800845 -77.864062
1292 1415 40.800834 -77.864043
1293 1416 40.800823 -77.864023
1294 1417 40.800812 -77.864004
1295 1418 40.800801 -77.863985
1296 1419 40.800790 -77.863966
1297 1420 40.800780 -77.863946
1298 1421 40.800769 -77.863927
1299 1422 40.800758 -77.863908
1300 1423 40.800747 -77.863889
1301 1424 40.800736 -77.863870
1302 1425 40.800725 -77.863850
1303 1426 40.800714 -77.863831
1304 1427 40.800704 -77.863812
1305 1430 40.800693 -77.863793
1306 1431 40.800682 -77.863774
1307 1432 40.800671 -77.863754
1308 1433 40.800660 -77.863735
1309 1434 40.800649 -77.863716
1310 1435 40.800638 -77.863697
1311 1436 40.800627 -77.863678
1312 1437 40.800617 -77.863658
1313 1438 40.800606 -77.863639
1314 1439 40.800595 -77.863620
1315 1440 40.800584 -77.863601
1316 1441 40.800573 -77.863582
1317 1442 40.800562 -77.863562
1318 1443 40.800551 -77.863543
1319 1444 40.800541 -77.863524
1320 1445 40.800530 -77.863505
1321 1446 40.800519 -77.863486
1322 1447 40.800508 -77.863466
1323 1448 40.800497 -77.863447
1324 1449 40.800486 -77.863428
1325 1450 40.800475 -77.863409
1326 1451 40.800465 -77.863390
1327 1452 40.800454 -77.863370
1328 1453 40.800443 -77.863351
1329 1458 40.800432 -77.863332
1330 1459 40.800421 -77.863313
1331 1460 40.800410 -77.863294
1332 1461 40.800399 -77.863274
1333 1462 40.800388 -77.863255
1334 1463 40.800378 -77.863236
1335 1464 40.800367 -77.863217
1336 1465 40.800356 -77.863198
1337 1466 40.800345 -77.863178
1338 1467 40.800334 -77.863159
1339 1468 40.800323 -77.863140
1340 1469 40.800312 -77.863121
1341 1470 40.800302 -77.863102
1342 1471 40.800291 -77.863082
1343 1472 40.800280 -77.863063
1344 1473 40.800269 -77.863044
1345 1474 40.800258 -77.863025
1346 1475 40.800247 -77.863006
1347 1476 40.800236 -77.862986
1348 1477 40.800225 -77.862967
1349 1478 40.800215 -77.862948
1350 1479 40.800204 -77.862929
1351 1480 40.800193 -77.862910
1352 1481 40.800182 -77.862890
1353 1482 40.800171 -77.862871
1354 1483 40.800160 -77.862852
1355 1484 40.800149 -77.862833
1356 1485 40.800139 -77.862814
1357 1486 40.800128 -77.862794
1358 1487 40.800117 -77.862775
1359 1488 40.800106 -77.862756
1360 1489 40.800095 -77.862737
1361 1490 40.800084 -77.862718
1362 1491 40.800073 -77.862698
1363 1492 40.800062 -77.862679
1364 1493 40.800052 -77.862660
1365 1494 40.800041 -77.862641
1366 1495 40.800030 -77.862622
1367 1506 40.800019 -77.862602
1368 1507 40.800008 -77.862583
1369 1508 40.799997 -77.862564
1370 1509 40.799986 -77.862545
1371 1510 40.799976 -77.862526
1372 1511 40.799965 -77.862506
1373 1512 40.799954 -77.862487
1374 1513 40.799943 -77.862468
1375 1514 40.799932 -77.862449
1376 1515 40.799921 -77.862430
1377 1516 40.799910 -77.862410
1378 1517 40.799900 -77.862391
1379 1518 40.799889 -77.862372
1380 1519 40.799878 -77.862353
1381 1520 40.799867 -77.862334
1382 1521 40.799856 -77.862314
1383 1522 40.799845 -77.862295
1384 1523 40.799834 -77.862276
1385 1524 40.799823 -77.862257
1386 1525 40.799813 -77.862238
1387 1526 40.799802 -77.862218
1388 1527 40.799791 -77.862199
1389 1528 40.799780 -77.862180
1390 1588 40.799640 -77.862040
1391 1589 40.799630 -77.862020
1392 1590 40.799620 -77.862001
1393 1591 40.799610 -77.861981
1394 1592 40.799600 -77.861962
1395 1593 40.799590 -77.861942
1396 1594 40.799580 -77.861922
1397 1595 40.799570 -77.861903
1398 1596 40.799560 -77.861883
1399 1597 40.799550 -77.861864
1400 1598 40.799540 -77.861844
1401 1599 40.799530 -77.861825
1402 1600 40.799520 -77.861805
1403 1601 40.799510 -77.861785
1404 1602 40.799500 -77.861766
1405 1603 40.799490 -77.861746
1406 1604 40.799480 -77.861727
1407 1605 40.799470 -77.861707
1408 1606 40.799460 -77.861687
1409 1607 40.799450 -77.861668
1410 1608 40.799440 -77.861648
1411 1609 40.799430 -77.861629
1412 1610 40.799420 -77.861609
1413 1611 40.799410 -77.861590
1414 1612 40.799400 -77.861570
1415 1613 40.799390 -77.861550
1416 1614 40.799380 -77.861531
1417 1615 40.799370 -77.861511
1418 1616 40.799360 -77.861492
1419 1617 40.799350 -77.861472
1420 1618 40.799340 -77.861452
1421 1619 40.799330 -77.861433
1422 1620 40.799320 -77.861413
1423 1621 40.799310 -77.861394
1424 1622 40.799300 -77.861374
1425 1623 40.799290 -77.861355
1426 1624 40.799280 -77.861335
1427 1625 40.799270 -77.861315
1428 1626 40.799260 -77.861296
1429 1627 40.799250 -77.861276
1430 1628 40.799240 -77.861257
1431 1629 40.799230 -77.861237
1432 1630 40.799220 -77.861217
1433 1631 40.799210 -77.861198
1434 1632 40.799200 -77.861178
1435 1633 40.799190 -77.861159
1436 1634 40.799180 -77.861139
1437 1635 40.799170 -77.861120
1438 1636 40.799160 -77.861100
1439 1640 40.799144 -77.861123
1440 1641 40.799129 -77.861137
1441 1642 40.799115 -77.861151
1442 1643 40.799100 -77.861166
1443 1644 40.799086 -77.861180
1444 1645 40.799071 -77.861194
1445 1646 40.799057 -77.861208
1446 1647 40.799042 -77.861222
1447 1648 40.799028 -77.861236
1448 1649 40.799013 -77.861250
1449 1650 40.798999 -77.861264
1450 1651 40.798984 -77.861278
1451 1652 40.798970 -77.861292
1452 1653 40.798955 -77.861306
1453 1654 40.798941 -77.861320
1454 1655 40.798926 -77.861335
1455 1656 40.798912 -77.861349
1456 1657 40.798897 -77.861363
1457 1658 40.798883 -77.861377
1458 1659 40.798868 -77.861391
1459 1660 40.798853 -77.861405
1460 1661 40.798839 -77.861419
1461 1662 40.798824 -77.861433
1462 1663 40.798810 -77.861446
1463 1664 40.798795 -77.861460
1464 1665 40.798780 -77.861474
1465 1666 40.798765 -77.861488
1466 1667 40.798751 -77.861501
1467 1668 40.798736 -77.861515
1468 1669 40.798721 -77.861529
1469 1670 40.798707 -77.861543
1470 1671 40.798692 -77.861557
1471 1672 40.798677 -77.861570
1472 1673 40.798663 -77.861584
1473 1674 40.798648 -77.861599
1474 1675 40.798634 -77.861613
1475 1676 40.798620 -77.861627
1476 1677 40.798605 -77.861642
1477 1678 40.798591 -77.861656
1478 1679 40.798577 -77.861671
1479 1680 40.798563 -77.861686
1480 1681 40.798549 -77.861701
1481 1682 40.798536 -77.861716
1482 1683 40.798522 -77.861731
1483 1684 40.798508 -77.861746
1484 1685 40.798494 -77.861762
1485 1686 40.798481 -77.861777
1486 1687 40.798467 -77.861792
1487 1688 40.798453 -77.861808
1488 1689 40.798440 -77.861824
1489 1690 40.798426 -77.861839
1490 1691 40.798413 -77.861855
1491 1692 40.798399 -77.861871
1492 1693 40.798386 -77.861886
1493 1694 40.798372 -77.861902
1494 1695 40.798359 -77.861918
1495 1696 40.798345 -77.861934
1496 1697 40.798332 -77.861950
1497 1698 40.798318 -77.861966
1498 1699 40.798305 -77.861982
1499 1700 40.798292 -77.861998
1500 1701 40.798278 -77.862014
1501 1702 40.798265 -77.862030
1502 1703 40.798252 -77.862046
1503 1704 40.798239 -77.862062
1504 1705 40.798225 -77.862078
1505 1706 40.798212 -77.862094
1506 1707 40.798199 -77.862110
1507 1708 40.798185 -77.862126
1508 1709 40.798172 -77.862142
1509 1710 40.798159 -77.862158
1510 1711 40.798145 -77.862174
1511 1712 40.798132 -77.862190
1512 1713 40.798119 -77.862206
1513 1714 40.798105 -77.862222
1514 1715 40.798092 -77.862238
1515 1716 40.798078 -77.862254
1516 1717 40.798065 -77.862270
1517 1718 40.798052 -77.862286
1518 1719 40.798038 -77.862301
1519 1720 40.798025 -77.862317
1520 1721 40.798011 -77.862333
1521 1722 40.797998 -77.862349
1522 1723 40.797984 -77.862365
1523 1724 40.797971 -77.862380
1524 1725 40.797957 -77.862396
1525 1726 40.797944 -77.862412
1526 1727 40.797931 -77.862428
1527 1728 40.797917 -77.862443
1528 1729 40.797904 -77.862459
1529 1730 40.797890 -77.862475
1530 1731 40.797877 -77.862491
1531 1732 40.797863 -77.862507
1532 1733 40.797850 -77.862523
1533 1734 40.797837 -77.862539
1534 1735 40.797823 -77.862555
1535 1736 40.797810 -77.862570
1536 1737 40.797797 -77.862586
1537 1738 40.797783 -77.862602
1538 1739 40.797770 -77.862618
1539 1744 40.797757 -77.862634
1540 1745 40.797743 -77.862651
1541 1746 40.797730 -77.862667
1542 1747 40.797717 -77.862683
1543 1748 40.797704 -77.862699
1544 1749 40.797691 -77.862715
1545 1750 40.797678 -77.862731
1546 1751 40.797664 -77.862748
1547 1752 40.797651 -77.862764
1548 1753 40.797638 -77.862780
1549 1754 40.797625 -77.862797
1550 1755 40.797612 -77.862813
1551 1756 40.797599 -77.862830
1552 1757 40.797586 -77.862846
1553 1758 40.797573 -77.862863
1554 1759 40.797560 -77.862879
1555 1760 40.797547 -77.862896
1556 1761 40.797534 -77.862912
1557 1762 40.797521 -77.862929
1558 1763 40.797508 -77.862945
1559 1764 40.797496 -77.862962
1560 1765 40.797483 -77.862978
1561 1766 40.797470 -77.862995
1562 1767 40.797457 -77.863011
1563 1768 40.797444 -77.863027
1564 1769 40.797431 -77.863044
1565 1770 40.797418 -77.863061
1566 1771 40.797405 -77.863077
1567 1772 40.797392 -77.863094
1568 1773 40.797379 -77.863110
1569 1774 40.797366 -77.863127
1570 1775 40.797353 -77.863143
1571 1776 40.797340 -77.863160
1572 1777 40.797327 -77.863176
1573 1778 40.797314 -77.863193
1574 1779 40.797302 -77.863209
1575 1780 40.797289 -77.863226
1576 1781 40.797276 -77.863243
1577 1782 40.797263 -77.863259
1578 1783 40.797250 -77.863276
1579 1784 40.797237 -77.863292
1580 1785 40.797224 -77.863309
1581 1786 40.797211 -77.863325
1582 1787 40.797198 -77.863342
1583 1788 40.797185 -77.863358
1584 1789 40.797172 -77.863375
1585 1790 40.797160 -77.863392
1586 1791 40.797147 -77.863408
1587 1792 40.797134 -77.863425
1588 1793 40.797121 -77.863441
1589 1794 40.797108 -77.863458
1590 1795 40.797095 -77.863475
1591 1796 40.797082 -77.863491
1592 1797 40.797069 -77.863508
1593 1798 40.797057 -77.863524
1594 1799 40.797044 -77.863541
1595 1800 40.797031 -77.863558
1596 1801 40.797018 -77.863574
1597 1802 40.797005 -77.863591
1598 1803 40.796992 -77.863607
1599 1804 40.796979 -77.863624
1600 1805 40.796966 -77.863640
1601 1806 40.796953 -77.863657
1602 1807 40.796940 -77.863673
1603 1808 40.796927 -77.863690
1604 1809 40.796914 -77.863706
1605 1810 40.796901 -77.863722
1606 1811 40.796888 -77.863739
1607 1812 40.796875 -77.863755
1608 1813 40.796862 -77.863771
1609 1814 40.796849 -77.863787
1610 1815 40.796835 -77.863804
1611 1816 40.796822 -77.863820
1612 1817 40.796809 -77.863836
1613 1818 40.796796 -77.863852
1614 1819 40.796783 -77.863869
1615 1820 40.796770 -77.863885
1616 1821 40.796757 -77.863901
1617 1822 40.796744 -77.863917
1618 1823 40.796730 -77.863934
1619 1824 40.796717 -77.863950
1620 1825 40.796704 -77.863967
1621 1826 40.796691 -77.863983
1622 1827 40.796678 -77.863999
1623 1828 40.796666 -77.864016
1624 1829 40.796653 -77.864033
1625 1833 40.796640 -77.864049
1626 1834 40.796627 -77.864066
1627 1835 40.796614 -77.864083
1628 1836 40.796602 -77.864099
1629 1837 40.796589 -77.864116
1630 1838 40.796576 -77.864133
1631 1839 40.796564 -77.864150
1632 1840 40.796551 -77.864167
1633 1841 40.796538 -77.864184
1634 1842 40.796526 -77.864201
1635 1843 40.796513 -77.864218
1636 1844 40.796501 -77.864235
1637 1845 40.796488 -77.864252
1638 1848 40.796476 -77.864269
1639 1849 40.796463 -77.864286
1640 1850 40.796451 -77.864303
1641 1851 40.796438 -77.864320
1642 1852 40.796426 -77.864338
1643 1853 40.796413 -77.864355
1644 1854 40.796401 -77.864372
1645 1855 40.796388 -77.864389
1646 1856 40.796376 -77.864406
1647 1857 40.796363 -77.864423
1648 1858 40.796351 -77.864440
1649 1859 40.796338 -77.864458
1650 1860 40.796326 -77.864475
1651 1861 40.796313 -77.864492
1652 1862 40.796301 -77.864509
1653 1863 40.796288 -77.864526
1654 1864 40.796276 -77.864543
1655 1865 40.796263 -77.864560
1656 1866 40.796251 -77.864577
1657 1867 40.796238 -77.864594
1658 1868 40.796226 -77.864611
1659 1869 40.796213 -77.864628
1660 1870 40.796201 -77.864645
1661 1871 40.796188 -77.864662
1662 1872 40.796175 -77.864679
1663 1873 40.796163 -77.864696
1664 1874 40.796150 -77.864713
1665 1875 40.796138 -77.864730
1666 1876 40.796125 -77.864747
1667 1877 40.796112 -77.864764
1668 1878 40.796100 -77.864781
1669 1879 40.796087 -77.864798
1670 1880 40.796075 -77.864815
1671 1881 40.796062 -77.864832
1672 1882 40.796049 -77.864849
1673 1883 40.796037 -77.864866
1674 1884 40.796024 -77.864883
1675 1885 40.796011 -77.864899
1676 1886 40.795999 -77.864916
1677 1887 40.795986 -77.864933
1678 1888 40.795973 -77.864950
1679 1889 40.795961 -77.864967
1680 1890 40.795948 -77.864984
1681 1891 40.795935 -77.865001
1682 1892 40.795923 -77.865018
1683 1893 40.795910 -77.865034
1684 1894 40.795897 -77.865051
1685 1895 40.795885 -77.865068
1686 1896 40.795872 -77.865085
1687 1897 40.795859 -77.865102
1688 1898 40.795846 -77.865118
1689 1899 40.795834 -77.865135
1690 1900 40.795821 -77.865152
1691 1901 40.795808 -77.865169
1692 1905 40.795796 -77.865186
1693 1906 40.795783 -77.865202
1694 1907 40.795770 -77.865219
1695 1908 40.795757 -77.865236
1696 1909 40.795745 -77.865253
1697 1910 40.795732 -77.865270
1698 1911 40.795719 -77.865286
1699 1912 40.795706 -77.865303
1700 1913 40.795693 -77.865320
1701 1914 40.795681 -77.865336
1702 1915 40.795668 -77.865353
1703 1916 40.795655 -77.865370
1704 1917 40.795642 -77.865387
1705 1918 40.795629 -77.865403
1706 1919 40.795617 -77.865420
1707 1920 40.795604 -77.865437
1708 1921 40.795591 -77.865453
1709 1922 40.795578 -77.865470
1710 1923 40.795565 -77.865486
1711 1924 40.795552 -77.865503
1712 1925 40.795539 -77.865520
1713 1926 40.795526 -77.865536
1714 1927 40.795514 -77.865553
1715 1928 40.795501 -77.865569
1716 1929 40.795488 -77.865586
1717 1930 40.795475 -77.865602
1718 1931 40.795462 -77.865619
1719 1932 40.795449 -77.865635
1720 1933 40.795436 -77.865652
1721 1934 40.795423 -77.865668
1722 1935 40.795410 -77.865685
1723 1936 40.795397 -77.865701
1724 1937 40.795384 -77.865718
1725 1938 40.795372 -77.865735
1726 1939 40.795359 -77.865751
1727 1940 40.795346 -77.865768
1728 1941 40.795333 -77.865785
1729 1942 40.795320 -77.865802
1730 1943 40.795308 -77.865818
1731 1944 40.795295 -77.865835
1732 1945 40.795282 -77.865852
1733 1946 40.795270 -77.865869
1734 1947 40.795257 -77.865886
1735 1948 40.795244 -77.865903
1736 1949 40.795231 -77.865919
1737 1950 40.795219 -77.865936
1738 1951 40.795206 -77.865953
1739 1952 40.795193 -77.865970
1740 1953 40.795181 -77.865987
1741 1954 40.795168 -77.866004
1742 1955 40.795155 -77.866020
1743 1956 40.795143 -77.866037
1744 1957 40.795130 -77.866054
1745 1958 40.795117 -77.866071
1746 1959 40.795104 -77.866088
1747 1960 40.795092 -77.866105
1748 1961 40.795079 -77.866121
1749 1962 40.795066 -77.866138
1750 1963 40.795054 -77.866155
1751 1964 40.795040 -77.866171
1752 1965 40.795027 -77.866188
1753 1966 40.795013 -77.866204
1754 1967 40.795000 -77.866220
1755 1968 40.794987 -77.866237
1756 1969 40.794974 -77.866253
1757 1970 40.794962 -77.866271
1758 1971 40.794950 -77.866288
1759 1972 40.794940 -77.866307
1760 1973 40.794930 -77.866326
1761 1974 40.794920 -77.866346
1762 1975 40.794912 -77.866367
1763 1976 40.794903 -77.866388
1764 1977 40.794895 -77.866409
1765 1978 40.794886 -77.866430
1766 1979 40.794878 -77.866452
1767 1980 40.794869 -77.866472
1768 1981 40.794860 -77.866493
1769 1982 40.794850 -77.866512
1770 1983 40.794839 -77.866532
1771 1984 40.794828 -77.866550
1772 1985 40.794817 -77.866569
1773 1986 40.794805 -77.866587
1774 1987 40.794793 -77.866605
1775 1988 40.794781 -77.866623
1776 1989 40.794769 -77.866640
1777 1990 40.794757 -77.866658
1778 1991 40.794744 -77.866676
1779 1992 40.794733 -77.866694
1780 1993 40.794721 -77.866712
1781 1994 40.794710 -77.866731
1782 1995 40.794699 -77.866750
1783 1996 40.794689 -77.866769
1784 1997 40.794680 -77.866789
1785 1998 40.794670 -77.866810
1786 1999 40.794660 -77.866830
1787 2000 40.794650 -77.866852
1788 2001 40.794642 -77.866873
1789 2002 40.794637 -77.866895
1790 2003 40.794634 -77.866918
1791 2004 40.794633 -77.866940
1792 2005 40.794632 -77.866964
1793 2006 40.794631 -77.866988
1794 2007 40.794630 -77.867011
1795 2008 40.794630 -77.867036
1796 2009 40.794629 -77.867060
1797 2010 40.794628 -77.867084
1798 2011 40.794627 -77.867108
1799 2012 40.794626 -77.867131
1800 2013 40.794624 -77.867154
1801 2014 40.794621 -77.867178
1802 2015 40.794617 -77.867200
1803 2016 40.794612 -77.867223
1804 2017 40.794606 -77.867246
1805 2018 40.794600 -77.867268
1806 2019 40.794593 -77.867291
1807 2020 40.794586 -77.867313
1808 2021 40.794579 -77.867335
1809 2022 40.794573 -77.867358
1810 2023 40.794567 -77.867380
1811 2024 40.794560 -77.867402
1812 2025 40.794554 -77.867425
1813 2026 40.794547 -77.867447
1814 2027 40.794540 -77.867469
1815 2028 40.794533 -77.867490
1816 2029 40.794525 -77.867512
1817 2033 40.794517 -77.867532
1818 2034 40.794509 -77.867552
1819 2035 40.794500 -77.867573
1820 2036 40.794491 -77.867592
1821 2037 40.794482 -77.867612
1822 2038 40.794473 -77.867632
1823 2039 40.794463 -77.867652
1824 2040 40.794454 -77.867671
1825 2041 40.794444 -77.867690
1826 2042 40.794433 -77.867710
1827 2043 40.794423 -77.867729
1828 2044 40.794413 -77.867748
1829 2045 40.794402 -77.867766
1830 2046 40.794391 -77.867785
1831 2047 40.794380 -77.867804
1832 2048 40.794369 -77.867822
1833 2049 40.794358 -77.867841
1834 2050 40.794346 -77.867859
1835 2051 40.794335 -77.867877
1836 2052 40.794323 -77.867896
1837 2053 40.794311 -77.867914
1838 2054 40.794299 -77.867932
1839 2055 40.794287 -77.867950
1840 2056 40.794275 -77.867968
1841 2057 40.794263 -77.867986
1842 2058 40.794251 -77.868003
1843 2059 40.794239 -77.868021
1844 2060 40.794226 -77.868039
1845 2061 40.794214 -77.868057
1846 2062 40.794201 -77.868074
1847 2063 40.794189 -77.868092
1848 2064 40.794176 -77.868110
1849 2065 40.794164 -77.868127
1850 2066 40.794151 -77.868145
1851 2067 40.794139 -77.868163
1852 2068 40.794126 -77.868180
1853 2069 40.794113 -77.868198
1854 2070 40.794101 -77.868215
1855 2071 40.794088 -77.868233
1856 2072 40.794076 -77.868251
1857 2073 40.794064 -77.868268
1858 2074 40.794051 -77.868286
1859 2075 40.794039 -77.868304
1860 2076 40.794027 -77.868322
1861 2077 40.794014 -77.868339
1862 2078 40.794002 -77.868357
1863 2079 40.793990 -77.868375
1864 2080 40.793978 -77.868393
1865 2081 40.793967 -77.868411
1866 2082 40.793955 -77.868429
1867 2083 40.793942 -77.868447
1868 2084 40.793929 -77.868465
1869 2085 40.793914 -77.868483
1870 2086 40.793899 -77.868500
1871 2087 40.793883 -77.868518
1872 2088 40.793868 -77.868535
1873 2089 40.793853 -77.868553
1874 2090 40.793838 -77.868570
1875 2091 40.793825 -77.868588
1876 2092 40.793813 -77.868606
1877 2096 40.793803 -77.868624
1878 2097 40.793795 -77.868642
1879 2098 40.793789 -77.868661
1880 2099 40.793786 -77.868680
1881 2100 40.793787 -77.868700
1882 2101 40.793795 -77.868720
1883 2102 40.793807 -77.868740
1884 2103 40.793820 -77.868761
1885 2104 40.793832 -77.868783
1886 2105 40.793840 -77.868804
1887 2106 40.793842 -77.868824
1888 2107 40.793837 -77.868845
1889 2108 40.793827 -77.868866
1890 2109 40.793816 -77.868887
1891 2110 40.793804 -77.868907
1892 2111 40.793794 -77.868926
1893 2112 40.793784 -77.868945
1894 2113 40.793774 -77.868964
1895 2114 40.793763 -77.868983
1896 2115 40.793753 -77.869002
1897 2116 40.793742 -77.869020
1898 2117 40.793731 -77.869039
1899 2118 40.793720 -77.869058
1900 2119 40.793708 -77.869076
1901 2120 40.793697 -77.869094
1902 2121 40.793686 -77.869113
1903 2122 40.793674 -77.869131
1904 2123 40.793662 -77.869149
1905 2124 40.793650 -77.869167
1906 2125 40.793638 -77.869185
1907 2126 40.793626 -77.869203
1908 2127 40.793614 -77.869221
1909 2128 40.793602 -77.869238
1910 2129 40.793589 -77.869256
1911 2130 40.793577 -77.869273
1912 2131 40.793564 -77.869291
1913 2132 40.793552 -77.869308
1914 2133 40.793539 -77.869325
1915 2134 40.793526 -77.869342
1916 2135 40.793513 -77.869359
1917 2136 40.793500 -77.869376
1918 2137 40.793487 -77.869393
1919 2138 40.793474 -77.869410
1920 2139 40.793460 -77.869426
1921 2140 40.793447 -77.869443
1922 2141 40.793434 -77.869459
1923 2142 40.793420 -77.869475
1924 2143 40.793407 -77.869492
1925 2144 40.793393 -77.869508
1926 2145 40.793380 -77.869524
1927 2146 40.793366 -77.869539
1928 2147 40.793352 -77.869555
1929 2148 40.793339 -77.869571
1930 2149 40.793325 -77.869586
1931 2150 40.793311 -77.869602
1932 2151 40.793297 -77.869617
1933 2152 40.793284 -77.869632
1934 2153 40.793270 -77.869647
1935 2154 40.793256 -77.869662
1936 2155 40.793242 -77.869677
1937 2156 40.793228 -77.869691
1938 2157 40.793214 -77.869706
1939 2158 40.793200 -77.869721
1940 2159 40.793185 -77.869735
1941 2160 40.793171 -77.869749
1942 2161 40.793156 -77.869762
1943 2162 40.793140 -77.869775
1944 2163 40.793125 -77.869788
1945 2164 40.793109 -77.869799
1946 2165 40.793094 -77.869810
1947 2166 40.793077 -77.869822
1948 2167 40.793060 -77.869834
1949 2168 40.793043 -77.869846
1950 2169 40.793025 -77.869858
1951 2170 40.793007 -77.869870
1952 2171 40.792989 -77.869881
1953 2172 40.792972 -77.869892
1954 2173 40.792954 -77.869902
1955 2174 40.792936 -77.869911
1956 2175 40.792919 -77.869919
1957 2176 40.792903 -77.869926
1958 2177 40.792887 -77.869931
1959 2178 40.792871 -77.869935
1960 2179 40.792857 -77.869936
1961 2180 40.792843 -77.869935
1962 2181 40.792831 -77.869920
1963 2182 40.792819 -77.869897
1964 2183 40.792808 -77.869876
1965 2184 40.792797 -77.869855
1966 2194 40.792786 -77.869831
1967 2195 40.792776 -77.869806
1968 2196 40.792766 -77.869781
1969 2197 40.792756 -77.869758
1970 2198 40.792745 -77.869739
1971 2199 40.792734 -77.869725
1972 2200 40.792723 -77.869718
1973 2201 40.792712 -77.869718
1974 2202 40.792700 -77.869721
1975 2203 40.792688 -77.869727
1976 2204 40.792675 -77.869734
1977 2205 40.792663 -77.869744
1978 2206 40.792650 -77.869756
1979 2212 40.792638 -77.869769
1980 2213 40.792625 -77.869785
1981 2214 40.792612 -77.869802
1982 2215 40.792599 -77.869820
1983 2216 40.792585 -77.869840
1984 2217 40.792572 -77.869861
1985 2218 40.792559 -77.869882
1986 2219 40.792545 -77.869905
1987 2220 40.792532 -77.869929
1988 2221 40.792518 -77.869952
1989 2222 40.792505 -77.869977
1990 2223 40.792491 -77.870001
1991 2224 40.792477 -77.870026
1992 2225 40.792464 -77.870051
1993 2226 40.792450 -77.870075
1994 2227 40.792436 -77.870099
1995 2228 40.792423 -77.870123
1996 2229 40.792409 -77.870146
1997 2230 40.792396 -77.870168
1998 2231 40.792382 -77.870190
1999 2232 40.792369 -77.870210
2000 2233 40.792355 -77.870229
2001 2234 40.792342 -77.870247
2002 2235 40.792329 -77.870263
2003 2236 40.792315 -77.870278
2004 2237 40.792302 -77.870291
2005 2238 40.792289 -77.870302
2006 2239 40.792277 -77.870310
2007 2240 40.792264 -77.870317
2008 2241 40.792251 -77.870321
2009 2242 40.792239 -77.870323
2010 2243 40.792226 -77.870321
2011 2244 40.792213 -77.870314
2012 2247 40.792199 -77.870302
2013 2248 40.792184 -77.870286
2014 2249 40.792170 -77.870267
2015 2250 40.792156 -77.870245
2016 2251 40.792144 -77.870222
2017 2252 40.792133 -77.870197
2018 2253 40.792124 -77.870173
2019 2254 40.792117 -77.870150
2020 2255 40.792112 -77.870128
2021 2256 40.792110 -77.870105
2022 2257 40.792109 -77.870080
2023 2258 40.792108 -77.870056
2024 2259 40.792105 -77.870035
2025 2260 40.792100 -77.870013
2026 2261 40.792093 -77.869991
2027 2262 40.792085 -77.869968
2028 2263 40.792075 -77.869945
2029 2264 40.792065 -77.869921
2030 2265 40.792053 -77.869898
2031 2266 40.792040 -77.869875
2032 2267 40.792026 -77.869853
2033 2268 40.792012 -77.869832
2034 2269 40.791997 -77.869812
2035 2270 40.791982 -77.869793
2036 2271 40.791967 -77.869776
2037 2272 40.791951 -77.869761
2038 2273 40.791936 -77.869748
2039 2274 40.791922 -77.869738
2040 2275 40.791907 -77.869730
2041 2276 40.791894 -77.869724
2042 2277 40.791881 -77.869722
2043 2278 40.791869 -77.869723
2044 2279 40.791856 -77.869725
2045 2280 40.791844 -77.869730
2046 2285 40.791832 -77.869736
2047 2286 40.791819 -77.869744
2048 2287 40.791807 -77.869754
2049 2288 40.791794 -77.869765
2050 2289 40.791782 -77.869777
2051 2290 40.791770 -77.869791
2052 2291 40.791757 -77.869807
2053 2292 40.791745 -77.869823
2054 2293 40.791732 -77.869841
2055 2294 40.791720 -77.869860
2056 2295 40.791707 -77.869880
2057 2296 40.791695 -77.869901
2058 2297 40.791682 -77.869923
2059 2298 40.791670 -77.869945
2060 2299 40.791657 -77.869968
2061 2300 40.791645 -77.869992
2062 2301 40.791632 -77.870017
2063 2302 40.791620 -77.870041
2064 2303 40.791607 -77.870067
2065 2304 40.791595 -77.870092
2066 2305 40.791582 -77.870118
2067 2306 40.791570 -77.870144
2068 2307 40.791557 -77.870170
2069 2308 40.791545 -77.870196
2070 2309 40.791532 -77.870222
2071 2310 40.791520 -77.870247
2072 2311 40.791507 -77.870273
2073 2312 40.791495 -77.870298
2074 2313 40.791482 -77.870323
2075 2314 40.791470 -77.870347
2076 2315 40.791457 -77.870371
2077 2316 40.791445 -77.870394
2078 2317 40.791432 -77.870416
2079 2318 40.791420 -77.870438
2080 2319 40.791407 -77.870458
2081 2320 40.791395 -77.870478
2082 2321 40.791383 -77.870497
2083 2322 40.791370 -77.870514
2084 2323 40.791358 -77.870531
2085 2324 40.791345 -77.870546
2086 2325 40.791333 -77.870559
2087 2326 40.791320 -77.870572
2088 2327 40.791308 -77.870582
2089 2328 40.791295 -77.870592
2090 2329 40.791283 -77.870599
2091 2330 40.791271 -77.870605
2092 2331 40.791258 -77.870609
2093 2332 40.791246 -77.870611
2094 2333 40.791233 -77.870611
2095 2334 40.791221 -77.870609
2096 2335 40.791209 -77.870606
2097 2336 40.791196 -77.870600
2098 2337 40.791184 -77.870594
2099 2345 40.791172 -77.870585
2100 2346 40.791159 -77.870575
2101 2347 40.791147 -77.870564
2102 2348 40.791135 -77.870551
2103 2349 40.791123 -77.870537
2104 2350 40.791110 -77.870522
2105 2351 40.791098 -77.870505
2106 2352 40.791086 -77.870488
2107 2353 40.791074 -77.870469
2108 2354 40.791061 -77.870449
2109 2355 40.791049 -77.870428
2110 2356 40.791037 -77.870406
2111 2357 40.791025 -77.870383
2112 2358 40.791012 -77.870359
2113 2359 40.791000 -77.870334
2114 2360 40.790988 -77.870309
2115 2361 40.790976 -77.870283
2116 2362 40.790964 -77.870256
2117 2363 40.790951 -77.870229
2118 2364 40.790939 -77.870201
2119 2365 40.790927 -77.870172
